1 0.268750 0.452778 0.628125 0.452778 0.628125 1.002778 0.268750 1.002778
1 0.107813 0.458333 0.628125 0.458333 0.628125 0.986111 0.107813 0.986111
0 0.446875 0.655556 0.546875 0.655556 0.546875 0.786111 0.446875 0.786111
0 0.587500 0.611111 0.632812 0.611111 0.632812 0.677778 0.587500 0.677778
0 0.432812 0.533333 0.504687 0.533333 0.504687 0.588889 0.432812 0.588889
0 0.479687 0.472222 0.543750 0.472222 0.543750 0.533333 0.479687 0.533333
0 0.565625 0.491667 0.617188 0.491667 0.617188 0.536111 0.565625 0.536111
0 0.371875 0.702778 0.503125 0.702778 0.503125 0.797222 0.371875 0.797222
0 0.139063 0.855556 0.259375 0.855556 0.259375 0.922222 0.139063 0.922222
0 0.214062 0.563889 0.379688 0.563889 0.379688 0.683333 0.214062 0.683333
0 0.359375 0.616667 0.431250 0.616667 0.431250 0.688889 0.359375 0.688889
0 0.384375 0.488889 0.431250 0.488889 0.431250 0.544444 0.384375 0.544444
0 0.289062 0.508333 0.343750 0.508333 0.343750 0.569444 0.289062 0.569444
