0 0.417187 0.608333 0.617188 0.608333 0.617188 0.822222 0.417187 0.822222
0 0.631250 0.686111 0.768750 0.686111 0.768750 0.836111 0.631250 0.836111
0 0.140625 0.486111 0.278125 0.486111 0.278125 0.541667 0.140625 0.541667
0 0.151562 0.436111 0.259375 0.436111 0.259375 0.494444 0.151562 0.494444
0 0.198437 0.402778 0.259375 0.402778 0.259375 0.469444 0.198437 0.469444
0 0.412500 0.305556 0.454688 0.305556 0.454688 0.336111 0.412500 0.336111
0 0.395313 0.316667 0.432812 0.316667 0.432812 0.347222 0.395313 0.347222
0 0.401562 0.341667 0.523438 0.341667 0.523438 0.394444 0.401562 0.394444
0 0.000000 0.591667 0.056250 0.591667 0.056250 0.722222 0.000000 0.722222
1 0.000000 0.363889 0.339062 0.363889 0.339062 0.991667 0.000000 0.991667
1 0.398438 0.419444 0.998437 0.419444 0.998437 0.997222 0.398438 0.997222
