1 0.307812 0.611111 0.339062 0.611111 0.339062 0.738889 0.307812 0.738889
1 0.360938 0.577778 0.406250 0.577778 0.406250 0.730556 0.360938 0.730556
0 0.532813 0.675000 0.582812 0.675000 0.582812 0.730556 0.532813 0.730556
0 0.637500 0.705556 0.689063 0.705556 0.689063 0.738889 0.637500 0.738889
0 0.587500 0.750000 0.620313 0.750000 0.620313 0.777778 0.587500 0.777778
0 0.640625 0.747222 0.692187 0.747222 0.692187 0.769444 0.640625 0.769444
0 0.768750 0.763889 0.818750 0.763889 0.818750 0.808333 0.768750 0.808333
0 0.810937 0.730556 0.859375 0.730556 0.859375 0.777778 0.810937 0.777778
0 0.764062 0.686111 0.803125 0.686111 0.803125 0.722222 0.764062 0.722222
0 0.659375 0.766667 0.731250 0.766667 0.731250 0.791667 0.659375 0.791667
0 0.751563 0.808333 0.840625 0.808333 0.840625 0.833333 0.751563 0.833333
