1 0.290625 0.666667 0.337500 0.666667 0.337500 0.722222 0.290625 0.722222
1 0.348438 0.605556 0.393750 0.605556 0.393750 0.725000 0.348438 0.725000
1 0.140625 0.658333 0.218750 0.658333 0.218750 0.711111 0.140625 0.711111
1 0.189062 0.588889 0.256250 0.588889 0.256250 0.650000 0.189062 0.650000
1 0.228125 0.613889 0.287500 0.613889 0.287500 0.716667 0.228125 0.716667
1 0.079687 0.683333 0.132812 0.683333 0.132812 0.719444 0.079687 0.719444
1 0.140625 0.605556 0.189062 0.605556 0.189062 0.661111 0.140625 0.661111
1 0.248438 0.497222 0.354687 0.497222 0.354687 0.619444 0.248438 0.619444
0 0.354687 0.566667 0.442188 0.566667 0.442188 0.605556 0.354687 0.605556
2 0.357812 0.566667 0.440625 0.566667 0.440625 0.602778 0.357812 0.602778
