0 0.314063 0.602778 0.367188 0.602778 0.367188 0.630556 0.314063 0.630556
0 0.309375 0.627778 0.362500 0.627778 0.362500 0.655556 0.309375 0.655556
0 0.300000 0.666667 0.381250 0.666667 0.381250 0.716667 0.300000 0.716667
0 0.707812 0.644444 0.803125 0.644444 0.803125 0.694444 0.707812 0.694444
1 0.539062 0.644444 0.590625 0.644444 0.590625 0.725000 0.539062 0.725000
1 0.637500 0.675000 0.725000 0.675000 0.725000 0.744444 0.637500 0.744444
1 0.751563 0.783333 0.854688 0.783333 0.854688 0.850000 0.751563 0.850000
1 0.895312 0.711111 0.954688 0.711111 0.954688 0.791667 0.895312 0.791667
1 0.715625 0.722222 0.781250 0.722222 0.781250 0.802778 0.715625 0.802778
1 0.796875 0.644444 0.900000 0.644444 0.900000 0.744444 0.796875 0.744444
